3.299106821825319863e-02	3.380694225028807714e-03	2.857682196078087638e-03	2.325967872746548173e-03	4.221401656149647262e-03	1.839768645849329531e-02	2.342877828470679366e-02	8.656432631809920700e-16	3.529293412053294450e-03	8.656250782391450987e-03
3.449332051378194430e-01	3.429272641305046720e-01	3.421837623003803897e-01	5.423005477859774159e-03	6.701785345702092611e-01	3.367967218435371501e-01	6.767104361007241220e-01	5.051077054507444597e-01	6.776660869886982352e-01	6.271710976763961165e-03
1.050618848719781173e+00	1.049402034339825152e+00	3.925333573283984467e-01	3.756545344156891342e-01	1.068568081198092878e+00	3.829609927715084683e-01	7.422003875141998108e-01	4.689387375357224608e-01	7.250219525519828734e-01	7.292190044946684768e-01
3.245382013282776396e-02	2.404713216842349621e-02	2.790997732080736926e-02	8.623029566554491626e-03	4.167691453797780360e-02	2.812811602878767178e-02	4.548937839751836937e-02	5.733903914353051897e-10	2.002827799846344445e-02	1.919142414426107390e-02
3.163456421947131460e-04	6.748333524096823688e-03	2.648008404647659002e-03	3.482847705368546194e-04	6.862297663342801102e-04	4.168707906259496061e-03	4.692277636951908658e-03	3.611299733111789784e-02	4.278855193410158360e-03	1.241042238487907907e-02
6.753589654761397165e-01	3.471390056501657551e-01	3.360044942781838517e-01	1.545043573156319044e-02	3.348571482138317235e-01	3.435827724334015176e-01	1.233552744725521615e-02	4.892062919945226462e-01	1.117707729680207478e-02	3.345784070224841478e-01
4.167165929323077972e-02	3.403393566658052816e-02	2.465824866491025946e-02	4.146401801382845059e-02	2.498375881011949753e-02	3.958767079364357983e-02	3.790846809077897533e-02	1.581004010107829871e-01	2.897523690942975863e-02	2.443314401138976799e-02
3.374171497660116148e-01	3.407042727551925498e-01	3.270737449572231892e-01	1.768229434204542615e-03	1.329591706943699303e-03	5.789856452642234801e-03	3.175026854384021494e-03	3.197618413828873241e-03	6.697150055193511892e-03	5.682414029992887729e-03
6.674375319434571185e-01	3.054834212578201764e-03	1.799199746058821082e-03	1.988210882757504485e-03	6.771786244120172604e-01	6.697103706384930355e-01	6.548782582909340108e-03	6.673051411120647369e-01	2.046002579715075747e-03	6.665630298786293650e-01
2.416910715639485063e-02	3.690758458688118138e-01	3.795555325698706656e-02	3.659402734230596810e-01	2.856348956169044509e-02	3.521831644186961680e-02	3.803987409502194716e-01	2.739421013276137698e-03	2.188096304172889792e-02	3.583527385960122436e-01
6.878204564769935248e-01	6.809937682255913227e-01	5.515665639247221454e-03	8.181574132648316428e-03	9.942421266237450039e-01	1.178370213433573878e-02	6.882487307526210518e-01	3.263566235878739841e-01	9.954924080511335927e-01	1.827909316930020163e-03
3.609211936972056001e-01	1.513291278119689547e-02	6.587115343925684652e-01	1.091207892941120638e-03	6.661965338102312506e-01	1.010423081052401750e+00	7.158156693485324684e-01	1.185627564543215051e+00	3.350819319106582150e-01	3.425888371927901521e-01
3.003343840484007030e-02	7.783688304378359735e-02	3.277327447609719446e-02	6.243404540111301831e-02	5.371010569613632324e-02	5.862711565275598863e-02	3.137293038464337297e-02	1.053419066474830801e-01	4.262953299209268354e-02	3.276546806262736755e-02
8.907484507225506623e-03	8.426545122630859155e-03	8.581861211554808050e-03	3.973640836293025787e-03	6.916145674256312303e-04	2.994673259926509783e-03	6.651632301394306418e-03	2.276353884718080034e-01	1.613446930161268472e-02	1.807356072980015674e-02
6.863484297945131596e-01	6.714292742995404684e-01	1.184705525561249688e-02	1.144538621111010172e-02	1.001208104478658489e+00	1.239319823555310937e-02	6.709077611654394868e-01	7.607432540515745023e-01	9.862094690490283977e-01	1.596834304411675004e-03
3.505462015640996576e-01	3.639573913696951823e-01	3.543596904611610171e-02	2.596842697624530266e-02	3.836563508051238913e-01	2.741648980436070179e-02	3.334776300264008508e-01	1.303451874510289793e-02	3.828348575903607887e-01	2.595700292939228521e-02
2.448335958465059845e-02	2.163437591741856209e-02	1.009178046929871606e-02	1.369095518951033048e-02	1.317404634159805889e-02	8.086780507446475474e-03	1.902514079024502161e-02	9.025987890306379197e-07	7.207006104364691544e-03	1.699972505659734512e-02
2.623305251037452365e-02	2.172964902718201290e-03	9.153426142069121972e-04	1.049449121933685412e-02	4.556038831757004519e-03	4.123252018116542114e-03	1.390858481920291718e-02	1.339833855181686573e-01	1.262037107349772659e-03	3.845471226339630460e-04
1.621744586008458042e-02	1.168808914033951825e-02	1.035878836382996861e-02	8.270477639176690779e-03	7.946142418803921886e-03	5.590888301377098211e-03	9.943761539348928979e-03	2.707636155810006634e-02	3.842014834398802588e-03	5.376157122291961611e-03
5.434304723907477236e-02	4.614406123595507503e-02	6.319741768632719525e-02	3.980669299293951996e-02	5.617434538306903535e-02	4.305685140138435646e-02	6.058020135404348916e-02	9.647693456566983072e-02	4.649951760800893202e-02	5.861237799545031962e-02
3.903462135531608757e-02	3.157595971085636055e-02	3.364694460974916590e-02	3.923072217796880201e-02	3.684386152208603549e-01	3.999794186297926657e-02	4.362491991379695983e-02	2.334592913726236396e-01	3.636304134717909808e-01	3.952102836663626967e-02
5.463726093575920623e-02	3.814998759657570876e-02	5.099970393578884265e-02	2.088391389884419053e-02	5.057878035905975095e-02	5.073631033212209346e-02	5.982654223041283803e-02	1.355786635324109394e-03	5.527953630570280746e-02	4.952069781491447165e-02
6.902404198533025337e-01	4.831222027757479075e-03	1.860024832852655990e-02	1.238972885728170138e-02	6.813145491057523984e-01	7.025246732252671267e-01	1.473776133377157661e-02	5.688650269664936587e-01	1.736660523655777708e-02	6.604295365512738991e-01
3.902299640482377874e-01	4.012624603717765415e-02	4.408775021734877980e-02	4.534393856807319295e-02	3.743441131160581969e-01	3.726304191032464574e-01	3.847741242792292876e-02	2.635603122896731376e-01	4.115775626784627661e-02	3.602550717697790006e-01
1.942404257465572479e-02	2.462954861862109643e-02	1.332417309009765495e-02	2.145750562325568836e-02	1.967952594005266051e-02	1.055756084209687889e-02	1.458295910617813870e-02	2.086453989986314095e-01	1.495968845194386478e-02	9.316427412054142931e-03
2.766828091394146760e-02	2.578472536601176396e-02	5.071799108908390391e-02	1.939258159505316548e-02	4.449588682936558848e-02	3.496930939225751517e-02	3.321302819117073757e-02	2.373837666489621556e-06	3.372748163141931627e-02	3.521904229847253737e-02
1.119544832696500562e-02	1.279843125551074177e-02	1.655980269714836528e-02	4.155115474069733146e-03	2.936483327892924419e-02	3.285216040487814321e-02	9.325846135437573098e-03	2.156426207961176071e-10	1.316241962194529200e-02	1.291858202241736447e-02
3.132679663301060624e-02	2.038468607952930237e-02	2.567891051339623101e-02	2.159542129224377785e-02	2.683564810325344413e-02	2.660544282198184021e-02	3.241285941272004090e-02	5.607539166446708079e-02	2.849812023633013086e-02	2.671921657788810939e-02
1.804259334784591873e-03	5.597586409101472198e-03	1.483609408591916520e-02	3.989343718091970664e-03	1.539634885210529672e-02	8.509542741814790298e-03	9.980297089917860437e-03	3.512904387496429171e-07	1.300014050232331866e-02	8.144517876986659063e-03
2.272261604628091416e-02	3.828793482348968186e-02	4.189646411602845899e-02	2.588179584640293990e-02	7.653395399542695099e-02	5.313831039151756946e-02	3.888569283878538091e-02	1.094692142156832099e-08	3.485715016316482534e-02	3.687711391230007879e-02
3.551861995389343340e-03	3.395126887229273915e-01	5.459898726782642670e-04	3.324746168057757245e-01	6.249603589828595963e-03	1.511154909697947843e-02	3.345646003158996296e-01	9.609311749609368168e-05	6.760088607426106193e-04	3.247036265610119821e-01
1.023410372580465966e+00	1.024452517362158810e+00	7.005857929520613592e-01	3.636048145183584657e-01	1.025232161349364457e+00	6.950197089103712367e-01	1.023879162952493926e+00	1.048573546806961021e+00	6.988649891641707246e-01	6.974129621999610729e-01
3.296111720969441272e-02	2.950291113444024685e-02	2.353100196936627059e-02	3.744961489797388882e-02	3.361421258437564952e-02	4.778114813099391261e-02	2.936315816573853432e-02	1.098903604767028919e-01	2.543307423559506078e-02	3.168364943982705795e-02
3.610921823474459447e-01	7.151622400328720985e-01	2.544228529223055077e-02	3.668501785297381135e-01	3.631940435105716070e-01	2.736042968621485785e-02	6.958831538525752647e-01	2.484433563472695020e-02	3.569862944749270794e-01	3.577445231443869278e-01
2.422961282891787985e-02	2.256550978638354257e-02	1.793431221010440349e-02	2.598912603172506136e-02	1.570031685458784382e-02	2.899021925072067102e-02	2.939495838306972406e-02	8.387229957086339560e-02	1.740563367912571768e-02	2.376164100323193210e-02
1.628090613686375074e-02	3.464949800410807024e-01	6.138306559208851591e-03	3.440310457682275169e-01	1.381262144707331996e-02	6.071706830487849128e-03	3.459782305713105521e-01	1.201497771657184938e-01	7.124400573864280231e-03	3.351982819361563615e-01
1.925611531457709427e-02	1.720928781561660917e-02	2.370370701052765608e-02	2.074591070399633974e-02	1.314099876558834541e-02	1.062341620078341257e-02	2.077490545692272858e-02	2.270657647404784041e-01	2.012163400348293205e-02	1.766857402674869640e-02
6.920731067129839431e-01	6.802177811434181320e-01	1.011788402362650663e+00	3.460593682723487885e-01	3.454757331522056996e-01	3.486753382306717608e-01	2.101003785074322117e-02	3.577794916325328645e-01	3.412085495758109821e-01	3.501442638013302355e-01
3.238445651420455290e-02	3.363421356498774717e-02	3.620063497066458580e-01	3.407463085725392915e-02	4.436009456974070869e-02	3.810800119066758418e-01	3.628774260978510080e-01	5.240692719003016142e-01	3.176819634331165543e-02	3.543486825283494179e-02
3.631384088477732086e-01	5.420548229549601409e-03	3.935670690790013353e-03	3.343811222742265523e-03	3.223149149910125022e-01	3.419974017203166183e-01	4.513635457885955930e-03	3.774146012870395750e-01	1.702708212607900078e-03	3.368345743630406508e-01
3.466519407015645083e-03	3.330801045398497640e-01	2.082864412238518304e-03	3.301483587456752189e-01	4.471252109204325483e-03	7.030246413685703293e-03	3.405482250532541055e-01	1.142600612459161421e-04	2.304197116978389664e-03	3.324433768118226773e-01
1.435774561052161613e-01	1.116700827348870023e-01	1.507378755426318773e-01	1.511860771968196460e-01	5.070309850854192169e-01	1.178078528674491587e-01	1.249509807485840590e-01	2.213753680485440078e+00	4.299913061900840772e-01	1.128950936416085599e-01
3.532536056653253209e-01	3.535626569014879150e-01	3.139716268815858080e-01	1.614021597266612762e-02	1.856158632217322704e-02	1.561321278734855399e-02	1.813751622319425411e-02	1.018464858797753572e-02	1.536309724189258152e-02	1.166908999515508388e-02
4.735093676415257254e-03	9.164865091492002680e-03	3.546454343534686041e-03	1.663479705700186481e-02	2.037133457895837999e-03	2.231781083294723939e-02	4.919778167588448846e-03	2.425364177427698914e-02	4.654979671136293302e-03	6.199067079546083207e-03
3.645153465221586536e-02	3.540751855239095830e-02	2.740856595365552539e-02	3.207242734343934698e-02	3.771660771681797919e-02	5.000092502887073381e-02	3.736915748534931636e-02	5.621755296975484983e-02	3.312656504302934068e-02	3.344123193633760649e-02
1.701035494099892992e-02	1.280986557460910176e-02	1.501022571483917080e-02	8.233949919491648575e-03	2.594183544419993714e-02	1.477798894013076028e-02	2.372384154861733457e-02	2.066701099232970390e-05	1.020937076943546906e-02	1.196572625194703733e-02
2.527209168305592085e-02	1.557218872989300784e-02	1.530258010518566018e-02	1.463192675246681104e-02	3.466877451415183442e-01	9.720496689884753835e-03	1.270235112255334309e-02	3.133586940292537593e-01	3.399347797895019285e-01	2.271022867720599511e-02
1.835720238074336607e-03	1.525777738794973498e-02	3.728063178817271964e-03	2.529498261719298393e-03	2.768787861390848218e-02	1.427178158039339034e-02	6.831401368008460477e-03	3.394299792376330786e-17	4.920534165348015507e-03	3.520704817261785524e-03
1.334262013095059707e-01	1.293888391618597533e-01	1.805605028594064188e-01	1.886550299782374929e-01	1.728826352145555467e-01	1.240956689196044960e-01	1.607656961631850900e-01	1.000383529281911356e-02	1.060957434373571706e-01	1.337988274252019105e-01
1.580760650932000813e-02	6.438186445789745652e-03	2.433667665664446126e-04	1.112951055672569897e-02	9.801340405244860204e-04	1.735065944701432578e-02	2.079521804878260369e-02	1.010692770067267571e-01	6.720044052358689970e-03	8.304058156691675326e-05
1.672163198418113783e+00	2.322052876692890067e+00	1.671045593507059814e-03	2.331283454195432370e+00	2.345925669507171740e+00	6.692643133317548454e-01	2.345587981891245732e+00	1.045010735983358918e+00	2.669791437068793183e+00	2.013964158949215655e+00
1.690234368600841641e+00	2.034072682402535026e+00	6.905494514581133059e-01	2.681618490910127939e+00	2.703281286252585680e+00	1.379814973181302751e+00	2.030317917018939156e+00	1.691182504972087663e+00	3.034226121887930727e+00	2.364962401236895051e+00
1.007843467414928584e+00	2.001525763115993506e+00	1.656664042880189980e+00	2.345875216578131806e+00	1.335081634529828642e+00	1.341728953276170921e+00	2.348760505707614854e+00	1.359270251368067006e+00	1.998425788373997092e+00	1.669173284516352940e+00
7.207618205480083029e-01	1.722628648248239136e+00	7.119332985289986704e-01	1.060133960514326734e+00	1.402551752120087647e+00	7.407683603002820361e-01	2.384330398042576515e+00	1.228151304093172635e+00	1.388472918050980054e+00	1.053455264851055562e+00
1.695862970625042543e+00	2.010313157799432204e+00	2.024454449216648744e+00	1.999383489220676546e+00	2.018578703103363736e+00	1.691054545333851689e+00	2.025814432943925159e+00	1.782985090457323674e+00	2.354046160123027587e+00	1.690427777489154515e+00
2.345828525299692657e+00	3.011932005097415654e+00	2.015840307080102090e+00	3.026684020903358086e+00	2.366499982891876463e+00	2.022291944434905897e+00	3.022439107855257046e+00	1.863882510883880350e+00	2.681363529954496006e+00	2.697077462812008886e+00
1.020033525719405532e+00	2.359284726922990405e+00	1.013325370272092130e+00	2.685073052032469487e+00	1.354753261467012360e+00	1.012515438796928624e+00	3.024861500280155546e+00	1.098451346844297793e+00	2.341858486307991427e+00	1.685408099357806000e+00
1.706676200226729723e+00	3.026530823913600177e+00	1.357119369639899098e+00	3.373740166947010621e+00	1.028231824684392004e+00	6.957364127210862170e-01	2.367442674688713833e+00	4.359523021794139974e-02	2.359598400366233584e+00	2.031428765071599418e+00
2.041878670928807704e+00	2.730140849172625117e+00	2.070310609713984284e+00	3.401967998155752237e+00	1.737994101360039734e+00	2.074520356259915488e+00	2.725477904300926291e+00	1.638355267558804895e+00	2.398936798854623742e+00	2.733545024522565647e+00
1.681363310348886975e+00	2.012043572820840343e+00	1.354182481490899814e+00	1.354995392903546092e+00	2.352109484433054121e+00	1.354753319196564165e+00	2.362540308103566300e+00	1.909220348054403882e+00	2.360501561361700862e+00	1.354753316425163057e+00
1.007377101542983766e+00	2.345864305259092841e+00	1.003458629282330428e+00	2.329995735983011684e+00	1.986561659036264249e+00	9.996813295144248990e-01	2.691096442261581956e+00	1.641826534562318862e+00	2.332105208049946921e+00	2.001526395951059634e+00
1.371008804152290983e+00	2.394022546287290609e+00	1.032949099702275664e+00	2.711285583628699314e+00	2.036691244092526887e+00	1.373432046080344193e+00	2.721681110411388715e+00	1.745359301796177265e+00	2.356374491763101542e+00	2.359849807438740843e+00
1.700499369404108618e+00	2.698931613982199273e+00	1.369291875225524757e+00	2.043378806454859475e+00	1.378617972623613852e+00	1.040527060274644811e+00	2.376958966723814459e+00	1.046303788486467656e+00	1.365463966933138762e+00	2.039575708714177704e+00
6.951135743895556773e-01	2.023051465801851467e+00	1.330809851070935634e+00	2.676750005663075971e+00	1.345058953170448213e+00	1.021865034596661559e+00	2.041063560960402423e+00	1.256651485043597472e+00	2.013603007539147782e+00	2.004290767326266653e+00
2.037384884475142321e+00	2.700047748832716810e+00	1.719594091432747662e+00	1.704223759878371158e+00	2.045389927134095842e+00	1.709902670850437456e+00	2.708429008687961659e+00	1.792087884512254758e+00	1.388333730396292376e+00	2.391557545673386187e+00
1.674411910829676220e+00	2.337296098171061765e+00	1.350548811403169847e+00	3.336129375510730188e+00	2.340650341478985652e+00	2.003502825512113006e+00	3.026789152016285733e+00	1.963092385616207247e+00	3.020761179786772832e+00	2.691111920542958558e+00
1.004562839753239789e+00	2.009498492506895495e+00	1.015264008357733116e+00	1.678392636389224757e+00	2.004122030508136643e+00	1.007674690780652416e+00	2.333293921339303356e+00	1.449611392131779031e+00	2.012726961535524772e+00	1.680496623133922229e+00
1.350368381108415727e+00	1.686893734032335113e+00	2.030362248949842741e+00	1.347473572353544702e+00	1.367629151245947083e+00	1.686672153401502783e+00	1.693489744709962386e+00	1.563400760344010543e+00	1.021622586505956498e+00	1.708977136603070379e+00
1.661231891676135719e+00	2.673073368421179818e+00	1.668461538360267449e+00	2.993581675759504623e+00	2.008979317226976757e+00	1.005618804972145286e+00	2.346608822480311218e+00	1.125146952369327158e+00	3.338485591123962148e+00	1.674623876901677244e+00
2.003241860586141954e+00	2.674494387982969013e+00	1.003136491892638871e+00	2.012332613731512065e+00	2.331388932252652868e+00	1.674999410524464327e+00	2.987683645753986372e+00	1.653208586309169892e+00	1.673632327613777893e+00	2.676961602559218001e+00
1.685881593566486369e+00	2.028372873812307908e+00	1.365143365130032205e+00	1.683383479943798111e+00	2.031432542283448495e+00	1.364607064850940521e+00	2.036896336898036619e+00	1.890262691138659745e+00	2.024447642984697815e+00	1.697227141462135380e+00
2.339633874052732043e+00	3.027958360539108718e+00	2.024655666788752750e+00	2.679834649351931830e+00	2.694469236801454670e+00	2.023339787099115217e+00	3.016843777129814885e+00	2.275129080546631322e+00	2.686605604386318458e+00	2.690310781336163526e+00
1.750089318886149714e+00	2.458269415297737126e+00	1.781122321887257165e+00	2.439206383810358147e+00	2.107561703690971289e+00	1.085250864365923329e+00	2.060867164624068604e+00	1.713170441740425654e+00	3.127166653299473520e+00	1.435944334250224053e+00
1.347963724915537842e+00	2.005490704105557409e+00	1.340533165342512323e+00	2.337428679750563010e+00	9.943091235375403070e-01	1.331380536789263935e+00	2.000710129731722464e+00	8.402741066567683825e-01	1.339621711604360943e+00	2.008638803621260571e+00
3.766629532966884741e-01	1.711896844563425280e+00	1.712252664846010797e+00	2.370097133744702766e+00	1.046111782970060577e+00	1.713659952078861570e+00	2.694855035624620143e+00	1.600930748964376260e+00	1.378958539149475859e+00	2.039328936776668488e+00
1.373668061704432786e+00	2.381287006268203221e+00	1.049683222508625446e+00	2.707720630970471998e+00	1.719277691295971522e+00	1.374442495545843190e+00	3.032150564027830342e+00	1.320023918020607701e+00	2.379869553315901332e+00	2.047981896230834931e+00
1.678719423451498605e+00	2.022353957446603623e+00	1.356070435044663069e+00	1.690055079028767615e+00	3.020087562741412768e+00	2.015017204706575527e+00	2.685534895948129552e+00	2.705348080681178935e+00	2.351731431341456791e+00	2.355708022234188626e+00
1.694204847299962458e+00	2.039152498224565679e+00	2.020769422443287944e+00	2.360506918906077445e+00	1.716954239790960512e+00	2.040038415770086822e+00	2.026661493843478379e+00	1.823172507660852038e+00	1.683611473434274641e+00	2.363662167231982636e+00
2.365599333158632689e+00	2.354465630417388766e+00	1.676382970571587805e+00	1.022818999853941202e+00	3.022065835916187826e+00	1.694475190296592437e+00	2.359961584018694936e+00	2.712896776250369069e+00	2.343849331014239645e+00	1.682012649668616744e+00
2.365669559870804406e+00	2.358854567784153478e+00	2.027803182584801078e+00	1.691314122845328116e+00	2.688644665718746829e+00	2.024274949363350729e+00	2.352439372342649104e+00	2.459409239066806308e+00	2.344731121848392164e+00	2.011130122344380489e+00
2.376330452280947192e+00	2.351437072924470240e+00	1.699411549346752315e+00	2.026357808237911673e+00	2.354786502795651160e+00	1.685022449554727908e+00	2.035481130776658709e+00	2.003995686014607092e+00	2.356366503683538838e+00	2.024610649030623488e+00
2.041329011068941046e+00	2.373536422785248234e+00	2.059940067734538083e+00	2.045515680574714334e+00	2.377458316346062528e+00	1.703013118284613325e+00	2.722251630984248383e+00	2.343116718752347172e+00	3.047563536124696437e+00	1.382896380594723862e+00
2.016964266111050730e+00	3.016292774657248543e+00	6.751439275927584305e-01	2.674644051142955448e+00	2.677284454062367036e+00	6.706743523482939784e-01	2.670492757664782335e+00	1.246827580269225466e+00	3.336155294126050830e+00	2.001291298397775087e+00
2.033419849484463526e+00	2.695317290255013098e+00	2.035169076235925800e+00	2.015473790930049525e+00	3.039081550868190540e+00	2.349208277620992824e+00	3.379645985414836851e+00	3.097013518864542014e+00	2.362261275537435257e+00	2.707187429999081907e+00
2.332698222161049273e+00	2.009129970771488249e+00	1.999208630472276260e+00	1.011464106204674307e+00	2.668917196767558675e+00	2.013902186214766576e+00	1.996149404488987145e+00	2.594552026053905447e+00	1.998101507642524588e+00	1.663127710505492685e+00
1.343998347110555436e+00	1.682489641680382952e+00	2.025246737737067537e+00	1.679381452399213881e+00	1.686451188663710132e+00	2.014187881343198594e+00	2.345083200618488295e+00	2.077031199289047336e+00	1.685938089634270831e+00	1.684395335359898604e+00
2.028642147715807642e+00	1.701831504584391919e+00	1.680923088053987380e+00	6.901633649378189350e-01	2.021757151131144514e+00	1.691751016908591643e+00	2.028136283851623922e+00	2.225643226049089929e+00	1.691062776857080063e+00	1.014784375725250154e+00
2.365719686991476500e+00	2.364172275235528087e+00	2.360800982449577479e+00	2.699541996597841997e+00	2.351824287171654593e+00	2.347451715945247486e+00	2.353445643186330649e+00	2.180950677594043263e+00	2.686839031383452259e+00	2.350512190024756976e+00
